-----------------------------------------------------------
----------------------- PROPERTIES ------------------------
-----------------------------------------------------------
-----------------------------------------------------------
----------------------- GEOMETRIES ------------------------
-----------------------------------------------------------
                    GEOMETRY:    1
        Number of atoms:    61
        Coordinates:
            S      2.060780000000   -5.759690000000    3.290370000000
            C      2.060780000000   -3.922110000000    3.290370000000
            C      1.306970000000   -3.395040000000    2.065950000000
            O      1.321980000000   -1.958510000000    2.087920000000
            C      0.630630000000   -1.427000000000    0.963050000000
            C      0.672750000000    0.092920000000    1.029370000000
            O     -0.019770000000    0.636510000000   -0.095450000000
            C     -0.004340000000    2.060050000000   -0.073420000000
            C     -0.756240000000    2.578020000000   -1.290960000000
            O     -0.746990000000    4.004330000000   -1.278620000000
            C     -1.443380000000    4.532720000000   -2.403510000000
            C     -1.401490000000    6.051960000000   -2.338250000000
            O     -2.096410000000    6.587040000000   -3.461870000000
            C     -2.082180000000    8.011880000000   -3.444650000000
            C     -2.835780000000    8.526690000000   -4.661140000000
            O     -2.822670000000    9.952130000000   -4.647830000000
            C     -3.518690000000   10.483300000000   -5.771830000000
            C     -3.473030000000   12.002690000000   -5.708260000000
            O     -4.169000000000   12.536000000000   -6.831820000000
            C     -4.154010000000   13.961310000000   -6.819420000000
            C     -4.909200000000   14.476190000000   -8.036710000000
            O     -4.894110000000   15.901970000000   -8.027120000000
            C     -5.590530000000   16.434310000000   -9.152760000000
            C     -5.544020000000   17.955490000000   -9.092370000000
            O     -6.238550000000   18.495940000000  -10.214800000000
            C     -6.221120000000   19.917040000000  -10.197690000000
            H      3.073510000000   -3.499620000000    3.280560000000
            H      1.595970000000   -3.499610000000    4.190190000000
            H      0.263560000000   -3.735410000000    2.074350000000
            H      1.783190000000   -3.736910000000    1.138100000000
            H     -0.411260000000   -1.768810000000    0.961230000000
            H      1.098340000000   -1.770340000000    0.032700000000
            H      1.714070000000    0.437340000000    1.030430000000
            H      0.205880000000    0.438710000000    1.959640000000
            H      1.028230000000    2.428980000000   -0.089190000000
            H     -0.479560000000    2.431050000000    0.842600000000
            H     -1.788520000000    2.208020000000   -1.275970000000
            H     -0.281410000000    2.206620000000   -2.207230000000
            H     -2.484370000000    4.187760000000   -2.401130000000
            H     -0.977460000000    4.187060000000   -3.334260000000
            H     -0.360040000000    6.395940000000   -2.339600000000
            H     -1.866300000000    6.397430000000   -1.406880000000
            H     -1.049300000000    8.380230000000   -3.462240000000
            H     -2.555150000000    8.384240000000   -2.527950000000
            H     -3.868450000000    8.158190000000   -4.642900000000
            H     -2.363330000000    8.152990000000   -5.577700000000
            H     -4.560620000000   10.141130000000   -5.767790000000
            H     -3.055350000000   10.135170000000   -6.702870000000
            H     -2.430860000000   12.344020000000   -5.711730000000
            H     -3.935970000000   12.350150000000   -4.776710000000
            H     -3.120700000000   14.328100000000   -6.839010000000
            H     -4.624950000000   14.335840000000   -5.902570000000
            H     -5.942120000000   14.108940000000   -8.015750000000
            H     -4.438170000000   14.099520000000   -8.952600000000
            H     -6.632480000000   16.092330000000   -9.147450000000
            H     -5.127350000000   16.083510000000  -10.082870000000
            H     -4.501030000000   18.294640000000   -9.095180000000
            H     -6.005500000000   18.303340000000   -8.160190000000
            H     -6.764820000000   20.278170000000  -11.074450000000
            H     -5.192670000000   20.287500000000  -10.246190000000
            H     -6.716560000000   20.295030000000   -9.298180000000
