-----------------------------------------------------------
----------------------- PROPERTIES ------------------------
-----------------------------------------------------------
-----------------------------------------------------------
----------------------- GEOMETRIES ------------------------
-----------------------------------------------------------
                    GEOMETRY:    1
        Number of atoms:    54
        Coordinates:
            S     -4.989450000000    2.122460000000    2.858680000000
            C     -3.152470000000    2.096640000000    2.811920000000
            C     -2.667140000000    1.229970000000    1.646460000000
            O     -1.230060000000    1.225200000000    1.631950000000
            C     -0.737040000000    0.429330000000    0.559740000000
            C      0.784980000000    0.453400000000    0.583790000000
            O      1.290410000000   -0.341800000000   -0.490070000000
            C      2.714770000000   -0.347220000000   -0.504590000000
            C      3.191650000000   -1.208070000000   -1.666060000000
            O      4.617800000000   -1.221940000000   -1.689290000000
            C      5.108330000000   -2.018920000000   -2.763980000000
            C      6.629870000000   -1.999260000000   -2.739080000000
            O      7.127280000000   -2.795950000000   -3.812220000000
            C      8.552600000000   -2.807220000000   -3.828090000000
            C      9.028730000000   -3.668080000000   -4.989440000000
            O     10.454530000000   -3.680590000000   -5.009160000000
            C     10.949770000000   -4.476530000000   -6.083080000000
            C     12.471710000000   -4.455070000000   -6.057570000000
            O     12.970290000000   -5.251520000000   -7.130610000000
            C     14.397280000000   -5.262340000000   -7.147630000000
            C     14.875300000000   -6.123880000000   -8.309220000000
            O     16.301620000000   -6.138950000000   -8.332340000000
            C     16.792410000000   -6.933720000000   -9.404420000000
            H     -2.711900000000    1.707680000000    3.738640000000
            H     -2.718770000000    3.098600000000    2.701390000000
            H     -3.026840000000    1.627760000000    0.688870000000
            H     -3.020690000000    0.196670000000    1.755480000000
            H     -1.098100000000    0.818410000000   -0.399970000000
            H     -1.092440000000   -0.603440000000    0.657720000000
            H      1.148360000000    0.063200000000    1.542210000000
            H      1.142700000000    1.485580000000    0.486290000000
            H      3.102350000000   -0.748540000000    0.439490000000
            H      3.096980000000    0.674410000000   -0.617170000000
            H      2.803840000000   -0.806450000000   -2.610350000000
            H      2.806990000000   -2.229090000000   -1.554770000000
            H      4.746420000000   -1.626750000000   -3.722080000000
            H      4.747730000000   -3.050020000000   -2.666220000000
            H      6.991120000000   -2.390150000000   -1.780200000000
            H      6.990000000000   -0.967840000000   -2.836650000000
            H      8.937910000000   -3.209590000000   -2.883640000000
            H      8.937370000000   -1.786220000000   -3.939190000000
            H      8.641640000000   -3.266100000000   -5.933460000000
            H      8.643920000000   -4.688960000000   -4.877640000000
            H     10.587650000000   -4.085050000000   -7.041420000000
            H     10.590140000000   -5.508010000000   -5.985440000000
            H     12.832720000000   -4.845130000000   -5.098200000000
            H     12.830240000000   -3.423050000000   -6.155080000000
            H     14.782350000000   -5.663670000000   -6.202370000000
            H     14.780620000000   -4.240750000000   -7.258470000000
            H     14.487030000000   -5.721740000000   -9.252830000000
            H     14.489110000000   -7.144240000000   -8.196960000000
            H     17.884770000000   -6.911850000000   -9.377290000000
            H     16.457720000000   -6.529520000000  -10.364700000000
            H     16.460010000000   -7.970610000000   -9.295330000000
